#' Complete list of palettes
#'
#' @export
junebug_palettes <- list(
  CranberryWhiteGrub = c("#591E29", "#794284", "#C8787A", "#373F40", "#A7BFB4"),
  CubanMay = c("#D9C091", "#8C7251", "#8C3211", "#591202", "#291F16"),
  Mican = c("#776976", "#C1A399", "#A66B49", "#824749", "#AB552CFF"),
  NorthernJune = c("#26141B", "#BF6734", "#8C2727", "#A66D6D", "#34160A")
)
